50 3
{76,60,71,4,79,39,65,94,10,6,64,23,3,22,32,78,81,98,75,68}
{37,58,35,76,20,88,78,72,70,84,17,52,83,55}
{63,39,15,7,10,77,47,50,56,53,26,20}
{30,45,20,17,71,74,47,3,49,2,37,60,4,84,18,69,63,97,33,5,35,44}
{98,70,37,71}
{70,68,85,43,45,36,12,31,27}
{72,1,16,7,24,11,78,62,36,74}
{84,8,72,61,52,59,25,64,36,37,70,71,33,12,35,53}
{64,76,51,34,80,70,90,47,18,72,63,62,29,60,5,22,32,9,66,37}
{62,58,2,82,36,12,37,77,8,88,42,39,38,44,57,60,41,10,98,53,35}
{22,32,64,91,29,1,18,33}
{25,50,53,27,15,9,35,11,12,65,58}
{79,11,96,50,24,1,28,21,71,95}
{7,12,29,43,10,8,77,64,89,20,56,45}
{41,90,93,38,43,98,44}
{89,12,21,98,16,88,93,69,64,8,40,35,23,7}
{33,68,84,18,83,63,3,60,88,55,58,54,69,36,48,87,5,79,61,49,91,28,25,64,2,6,81,76,77,1,41,44,45,59,99,12,17,98,24,10,23,56,42,29,62,92,71,7,72,80,97,30,31,22,4,94}
{52,66,19,27,85,5,17,61,34,59,36,26,94,30,33,64,79,12,25,83,72,57}
{15,95,65,99,21,8,9,51,77,5,16,61,32,30,88,59,66,63,24,7,26,38,71,48,25}
{80,79,44,8,23}
{96,25,23,33,86,32,44,63,42,77,43,95,97,1,76,37,68,83}
{40,86,68,56,15,71,55,50,79,65,13,49,1,67,85,11,57}
{18,28,66,37,41,73,49,55,26,43,79,50,91,40,53,11}
{43,71,56,88,14,12,81,63}
{37,81,19,87,26,28,7,4,9,75,15,57,32,27,31,43,21}
{5,72,78,8,15,11,32,84,46,60,80}
{27,38,74,54,13,81,50,44,37,24,9,14,45,78,94,66,33,61,25,91,57,21,22,40,85,6,86,11,47,90,80,51,55,17,34,18,7,39,58,96,35}
{40,8,37,55,25,27,51,67,39,60,38}
{46,59,42,73,64,82,57,29,63,53,3,75,60,23,15,50,10,26,33,88,89,4,5,81,41,2,85}
{17,61,79,69}
{64,7,11,19,95,10,55,26,34,82,13,12,49,4}
{14,6,67,97,98,57,83,7,63,39,86,4,22,93,70,30,76,50,78,46,75}
{28,27,16,49,78,92,86,91,77,8,81,51,33}
{97,76,49,79}
{48,51,17,62,49,38,31,64,75,52,84,68,78,10,87,7,97,19}
{30,38,57,89,99,54,3,17,68,14,70,69,78,96,6,12,76,93,1,41,73,21,91,18}
{88,98,42,55,64,23,19,58,65,18,26,20,9}
{76,83,55,16,2}
{3,31,4,62,24,81,98,97,60,92,57,1,74,42,45,23,53,39,11,66,99}
{95,58,45,91,32,51,70,3,15,60,27,10,69,8,7}
{1,57,76,90,7,73,16,55,27,83,88,48,29,17,63,60,10,94,35,11,33,62,45,41,37,44}
{10,92,21,84,36,67,96,63,3,9,19,33,66,71,1,53,31,43}
{48,94,15,50,3,4,18,72,83,7,24,38,65,79,70,30,77,19,23,87}
{13,77,11,63,42,69,72,60,91,4,82}
{2,53,50,26,66,82,65,92,61,78,63}
{9,11,13,7,84,30,58,81,4}
{14,67,75,33,48,64}
{34,1,18}
{85,65,68,90,81,97,69,37,47,48,41,1,42,38,35,61,31,57,51,92}
{25,32,50,71,42,13,27,1,40,88,80,34,90,35,92,22,89}